Metro Area,Total,Less than 5 minutes,5 to 9 minutes,10 to 14 minutes,15 to 19 minutes,20 to 24 minutes,25 to 29 minutes,30 to 34 minutes,35 to 39 minutes,40 to 44 minutes,45 to 59 minutes,60 to 89 minutes,90 or more minutes,Year
"Atlanta-Sandy Springs-Alpharetta, GA Metro Area",2486837,1.64394,6.26965,9.51964,13.33803,12.61627,6.95534,16.08119,4.45654,5.09474,12.16972,8.87666,2.97828,2022
"Atlanta-Sandy Springs-Alpharetta, GA Metro Area",2270521,1.69829,5.48306,10.62598,13.45163,14.22352,7.215,16.3396,4.2891,5.24201,11.72405,7.30934,2.39844,2021
"Atlanta-Sandy Springs-Alpharetta, GA Metro Area",2715402,1.4701,5.35243,8.87942,12.46644,13.10428,6.81737,15.84484,4.33229,5.09972,12.46552,10.35051,3.81708,2019
"Atlanta-Sandy Springs-Marietta, GA Metro Area",2264984,1.70368,6.24711,10.68171,12.41002,13.60897,6.03152,16.52868,3.56563,5.44004,11.63854,8.93697,3.20713,2011
"Atlanta-Sandy Springs-Marietta, GA Metro Area",2232939,1.72427,6.20568,10.05115,13.26879,14.15807,6.29551,16.02202,3.73875,4.97613,11.74063,8.92107,2.89793,2010
"Atlanta-Sandy Springs-Marietta, GA Metro Area",2297995,1.72829,6.35828,10.31456,13.18005,14.26443,6.20641,16.54743,3.78869,5.32573,11.54589,8.07491,2.66532,2012
"Atlanta-Sandy Springs-Roswell, GA Metro Area",2598113,1.38905,6.16574,9.95553,12.36159,13.24323,5.71853,15.63673,3.81273,4.93423,12.2833,10.64296,3.85638,2016
"Atlanta-Sandy Springs-Roswell, GA Metro Area",2715426,1.20442,5.44695,9.55493,12.20449,13.1407,6.11035,16.10267,3.84573,5.50208,12.56514,10.44551,3.87703,2018
"Atlanta-Sandy Springs-Roswell, GA Metro Area",2369931,1.75895,6.09127,10.76841,13.18903,15.21656,5.707,15.49011,3.5058,4.68486,12.13267,8.51721,2.9381,2013
"Atlanta-Sandy Springs-Roswell, GA Metro Area",2660218,1.38139,5.36539,9.44408,12.45225,13.6217,6.05011,16.23299,3.60692,5.08752,12.22881,10.90283,3.62602,2017
"Atlanta-Sandy Springs-Roswell, GA Metro Area",2588713,1.70424,5.40527,9.9468,11.92164,13.27393,6.78279,16.57055,4.28823,5.12784,12.13097,9.48425,3.36349,2023
"Atlanta-Sandy Springs-Roswell, GA Metro Area",2444559,1.53926,5.73834,10.37152,12.92082,14.07563,6.3103,15.35868,3.77037,5.00372,12.19062,9.45512,3.26562,2014
"Atlanta-Sandy Springs-Roswell, GA Metro Area",2533900,1.59035,5.9202,9.9528,12.67359,13.8125,6.41162,16.3497,3.70034,4.76826,11.56991,9.76147,3.48925,2015
"Boston-Cambridge-Newton, MA-NH Metro Area",2297628,2.24144,7.6337,11.14571,12.21629,12.55282,6.29105,15.1703,3.50235,5.55029,11.33047,9.44213,2.92345,2013
"Boston-Cambridge-Newton, MA-NH Metro Area",2380373,2.35745,7.07217,10.58632,11.92313,12.22485,5.35479,15.26076,3.31402,5.34038,11.78257,11.13523,3.64834,2015
"Boston-Cambridge-Newton, MA-NH Metro Area",2195778,1.98672,7.25073,10.1871,11.8823,12.82662,6.66556,14.85715,4.0004,5.54291,11.02885,10.25591,3.51575,2023
"Boston-Cambridge-Newton, MA-NH Metro Area",1876883,2.4383,7.84625,11.18402,13.4806,13.49216,7.27925,15.33058,3.71893,5.02887,10.25722,7.71923,2.22459,2021
"Boston-Cambridge-Newton, MA-NH Metro Area",2312285,2.15527,7.3366,10.58944,12.23296,12.73022,6.02395,14.66113,3.59458,5.47087,11.66997,10.23178,3.30323,2014
"Boston-Cambridge-Newton, MA-NH Metro Area",2434948,1.94127,7.01206,10.10017,11.97147,12.4348,5.78637,15.39109,3.82074,5.63388,11.73298,10.67082,3.50435,2017
"Boston-Cambridge-Newton, MA-NH Metro Area",2084693,2.12607,7.47659,10.2405,12.54137,12.68618,6.67993,15.79758,3.88062,5.48671,11.17004,8.89728,3.01713,2022
"Boston-Cambridge-Newton, MA-NH Metro Area",2446040,1.88456,6.98239,10.25196,11.66502,11.69388,5.55138,14.91799,3.89033,5.67411,12.37212,11.3427,3.77357,2018
"Boston-Cambridge-Newton, MA-NH Metro Area",2407900,1.97633,7.12986,10.64787,11.81013,12.54745,5.80585,15.23518,3.72615,5.32742,11.96503,10.35064,3.47809,2016
"Boston-Cambridge-Newton, MA-NH Metro Area",2500383,1.95106,6.6759,10.11241,11.55971,11.7444,5.92781,14.89164,3.82369,5.41545,12.33739,11.60442,3.95611,2019
"Boston-Cambridge-Quincy, MA-NH Metro Area",2194464,2.42866,8.40274,11.6855,12.37728,12.95587,5.55484,15.56417,3.42307,4.88215,10.94882,9.00179,2.77512,2011
"Boston-Cambridge-Quincy, MA-NH Metro Area",2261304,2.43846,8.01568,11.55824,12.56218,12.36671,5.51951,15.75586,3.39149,5.35686,10.97703,9.33519,2.72277,2012
"Boston-Cambridge-Quincy, MA-NH Metro Area",2166531,2.54402,8.13757,12.17822,11.93295,13.48044,6.26435,14.90036,3.47214,5.39369,10.7253,8.40874,2.56221,2010
"Chicago-Joliet-Naperville, IL-IN-WI Metro Area",4096292,1.82802,7.35114,10.87708,11.87772,12.90086,5.61625,15.78174,3.27484,5.54694,11.8409,9.98886,3.11565,2010
"Chicago-Joliet-Naperville, IL-IN-WI Metro Area",4227545,1.81744,7.38403,11.23941,11.40873,12.90969,5.97619,15.74692,3.49288,5.56978,11.60695,9.74428,3.10372,2012
"Chicago-Joliet-Naperville, IL-IN-WI Metro Area",4143034,1.79311,7.14805,10.68789,11.78465,12.85613,5.82783,15.48163,3.49886,5.89889,11.58919,10.05623,3.37755,2011
"Chicago-Naperville-Elgin, IL-IN Metro Area",3978255,1.99019,7.1736,10.36826,11.95776,12.73837,7.03771,14.72962,4.08734,5.58061,12.11649,9.215,3.00504,2023
"Chicago-Naperville-Elgin, IL-IN-WI Metro Area",4375761,1.57822,6.82201,9.79229,11.99656,12.38854,6.18386,15.20695,3.68279,5.73738,12.1907,10.76466,3.65603,2015
"Chicago-Naperville-Elgin, IL-IN-WI Metro Area",4333467,1.69758,7.08987,10.21118,11.54016,12.52621,5.8665,15.59407,3.57335,5.68088,12.17176,10.65463,3.39382,2014
"Chicago-Naperville-Elgin, IL-IN-WI Metro Area",4459381,1.50563,6.41026,9.51791,11.73981,11.88506,6.36077,15.62856,4.05747,5.7915,12.68912,10.93358,3.48033,2019
"Chicago-Naperville-Elgin, IL-IN-WI Metro Area",4407706,1.59582,6.75208,10.08361,11.73159,12.21354,6.00698,15.49473,3.81856,5.96265,12.26756,10.73803,3.33484,2016
"Chicago-Naperville-Elgin, IL-IN-WI Metro Area",4455102,1.61433,6.53987,10.00713,11.24232,12.16506,6.23636,15.50885,4.03344,5.74144,12.41525,10.92063,3.57532,2018
"Chicago-Naperville-Elgin, IL-IN-WI Metro Area",4279656,1.85197,7.12139,10.47802,12.03232,12.78853,6.05911,15.25583,3.73336,5.69382,11.94566,9.96744,3.07256,2013
"Chicago-Naperville-Elgin, IL-IN-WI Metro Area",3595239,2.02704,7.60575,10.88456,12.74013,13.39747,7.08837,15.69142,4.17458,5.20088,11.08216,7.73376,2.37389,2021
"Chicago-Naperville-Elgin, IL-IN-WI Metro Area",4415454,1.54419,6.5788,10.03487,11.57421,12.27715,6.25007,15.45146,3.858,5.79406,12.55418,10.86892,3.2141,2017
"Chicago-Naperville-Elgin, IL-IN-WI Metro Area",3923570,1.90663,7.06706,10.65945,12.37541,12.48998,6.94946,15.79411,3.93894,5.53932,11.55748,8.96587,2.75629,2022
"Dallas-Fort Worth-Arlington, TX Metro Area",3112015,1.89527,7.75205,12.0912,14.32908,14.2964,6.77693,16.89985,3.24664,4.48764,10.18205,6.13898,1.90391,2013
"Dallas-Fort Worth-Arlington, TX Metro Area",3036252,1.90989,7.015,11.87523,14.80971,14.97504,6.9429,17.07971,3.89734,4.687,9.44148,5.50056,1.86615,2021
"Dallas-Fort Worth-Arlington, TX Metro Area",3555123,1.49022,6.59789,11.28743,13.57033,14.6665,7.17562,17.16416,3.80766,4.63804,10.3172,7.20608,2.07889,2019
"Dallas-Fort Worth-Arlington, TX Metro Area",3199821,1.87801,7.60574,11.73653,14.34386,14.72535,6.62393,16.79491,3.34353,4.29868,10.64219,6.18247,1.82479,2014
"Dallas-Fort Worth-Arlington, TX Metro Area",2918497,2.01374,8.1775,12.10606,14.45419,15.45292,6.06103,17.39553,3.27929,4.15265,9.5016,5.74193,1.66356,2011
"Dallas-Fort Worth-Arlington, TX Metro Area",3487458,2.05703,7.4735,10.95721,13.60584,14.10047,7.15768,16.52106,3.64366,4.72083,10.57782,7.12387,2.06104,2023
"Dallas-Fort Worth-Arlington, TX Metro Area",3002472,1.96395,7.82019,12.26433,14.35164,14.44969,6.49825,17.5151,3.32686,4.38802,9.80129,5.65807,1.96262,2012
"Dallas-Fort Worth-Arlington, TX Metro Area",3356103,1.78022,6.92351,11.23911,13.55614,14.59866,6.50311,17.34971,3.61354,4.75769,10.4023,7.06835,2.20768,2016
"Dallas-Fort Worth-Arlington, TX Metro Area",3279183,1.76099,7.54493,11.60548,14.07064,14.54219,6.28888,16.56861,3.46971,4.89872,10.52549,6.51504,2.20933,2015
"Dallas-Fort Worth-Arlington, TX Metro Area",3449185,1.71243,6.76853,10.71659,13.63142,14.30361,7.08292,17.04669,3.59711,4.92334,10.80534,7.49081,1.92121,2017
"Dallas-Fort Worth-Arlington, TX Metro Area",2863105,2.14631,7.9076,12.47586,14.54194,14.4798,6.79049,17.28494,3.37721,4.55834,9.24531,5.46134,1.73085,2010
"Dallas-Fort Worth-Arlington, TX Metro Area",3335688,2.18501,6.87109,11.26844,14.39625,14.59363,7.5737,16.4066,3.76348,4.59731,10.25983,6.24411,1.84055,2022
"Dallas-Fort Worth-Arlington, TX Metro Area",3540707,1.68918,6.7567,11.455,13.77132,14.46307,6.94336,16.87349,3.93325,4.90981,10.41224,6.59351,2.19905,2018
"Houston-Pasadena-The Woodlands, TX Metro Area",3177856,1.65413,5.98495,9.86634,13.2444,13.40608,7.07238,16.57904,4.20482,5.15407,11.66551,8.4766,2.69169,2023
"Houston-Sugar Land-Baytown, TX Metro Area",2738015,1.9108,6.86464,11.11952,13.618,14.36592,5.91772,17.8495,3.21868,4.65717,10.61784,7.66782,2.19239,2012
"Houston-Sugar Land-Baytown, TX Metro Area",2625741,1.86839,6.75489,11.30747,14.63553,15.20957,6.05338,18.01945,3.0065,4.19893,10.22839,6.83373,1.88377,2010
"Houston-Sugar Land-Baytown, TX Metro Area",2683111,2.0023,6.72741,11.14911,14.04277,15.4821,6.30157,18.04282,3.09108,4.50913,9.93492,6.82935,1.88744,2011
"Houston-The Woodlands-Sugar Land, TX Metro Area",3013585,1.5669,6.36747,10.75918,12.98789,13.21698,5.27969,18.54004,3.1577,4.57399,11.6831,9.29896,2.5681,2015
"Houston-The Woodlands-Sugar Land, TX Metro Area",3132202,1.22687,6.32488,9.844,13.30048,13.75866,6.35585,17.78873,3.80525,4.92165,11.59462,8.81083,2.26818,2018
"Houston-The Woodlands-Sugar Land, TX Metro Area",3048882,1.38625,6.13507,10.42661,13.47418,13.61807,6.13477,17.51232,3.66449,4.92643,11.61934,8.731,2.37146,2017
"Houston-The Woodlands-Sugar Land, TX Metro Area",3017233,1.62016,6.42072,10.33321,13.29138,13.17764,6.14255,17.14667,3.89058,5.11972,11.63357,8.63702,2.58677,2016
"Houston-The Woodlands-Sugar Land, TX Metro Area",2786418,1.94863,5.994,10.01275,12.96988,14.97105,6.9224,17.84887,3.93053,5.25155,11.20988,6.70703,2.23344,2021
"Houston-The Woodlands-Sugar Land, TX Metro Area",2955305,1.78669,6.66764,10.73118,13.31832,14.04068,5.7678,17.74402,3.36679,4.53334,11.05125,8.719,2.2733,2014
"Houston-The Woodlands-Sugar Land, TX Metro Area",3068089,1.78456,5.96544,8.77282,13.53761,13.79817,6.66099,18.89737,4.05836,5.03131,11.17034,7.72712,2.59592,2022
"Houston-The Woodlands-Sugar Land, TX Metro Area",3198759,1.33127,6.07173,9.46004,12.99898,13.22594,6.06892,17.87227,3.92968,5.59445,12.06593,8.78985,2.59094,2019
"Houston-The Woodlands-Sugar Land, TX Metro Area",2834241,1.73168,6.64164,10.78465,13.88351,14.27066,5.88341,17.356,3.16067,4.45936,11.11497,8.42801,2.28544,2013
"Los Angeles-Long Beach-Anaheim, CA Metro Area",5974755,1.12604,5.79935,10.87713,13.79494,14.07141,5.68015,17.50659,2.78212,5.00946,10.0737,9.56854,3.71056,2016
"Los Angeles-Long Beach-Anaheim, CA Metro Area",5818616,1.29187,6.42993,11.31535,14.26607,14.34295,5.79347,17.59949,2.78021,4.9315,9.56035,8.65264,3.03615,2014
"Los Angeles-Long Beach-Anaheim, CA Metro Area",5250177,1.50547,6.01664,11.03925,14.32247,14.72849,6.41197,17.48295,3.26362,4.79559,9.41098,8.04384,2.97872,2022
"Los Angeles-Long Beach-Anaheim, CA Metro Area",6077813,1.10765,5.69461,10.13358,13.57936,13.46588,5.70519,18.08555,2.99305,5.18798,10.19442,9.96521,3.8875,2018
"Los Angeles-Long Beach-Anaheim, CA Metro Area",5899773,1.23296,6.10044,11.06902,14.03249,14.45912,5.51669,17.56693,2.62791,4.75595,10.16888,9.10508,3.36454,2015
"Los Angeles-Long Beach-Anaheim, CA Metro Area",6066040,1.20761,5.75316,10.62786,13.77976,13.67246,5.58265,17.78183,2.70724,4.99652,10.26846,10.027,3.59544,2017
"Los Angeles-Long Beach-Anaheim, CA Metro Area",6114413,1.19835,5.31601,10.44769,13.60312,13.66409,5.76991,17.13728,3.08036,5.05705,10.2778,10.28575,4.16259,2019
"Los Angeles-Long Beach-Anaheim, CA Metro Area",4773103,1.54375,6.14801,11.33181,14.62139,15.01596,6.38989,18.42755,2.92891,4.81152,8.68427,7.50298,2.59395,2021
"Los Angeles-Long Beach-Anaheim, CA Metro Area",5388495,1.40047,5.73305,10.16607,13.77572,14.92677,6.17785,17.42251,3.08973,5.31622,9.94602,8.63033,3.41528,2023
"Los Angeles-Long Beach-Anaheim, CA Metro Area",5663516,1.41677,6.45749,11.66609,14.30874,14.83644,5.65446,17.28908,2.6833,4.72104,9.30597,8.54679,3.11383,2013
"Los Angeles-Long Beach-Santa Ana, CA Metro Area",5551323,1.29892,6.70184,11.75783,14.5401,14.8389,5.58382,17.76375,2.50522,4.67708,9.03271,8.26619,3.03364,2012
"Los Angeles-Long Beach-Santa Ana, CA Metro Area",5392512,1.48402,6.96759,12.31539,14.64822,15.29905,5.4584,17.0705,2.83354,4.50844,8.9717,7.74847,2.69468,2010
"Los Angeles-Long Beach-Santa Ana, CA Metro Area",5428907,1.47413,7.05556,12.21373,14.09134,14.9424,5.33122,17.67201,2.58481,4.60682,9.00686,7.98682,3.03429,2011
"Miami-Fort Lauderdale-Pompano Beach, FL Metro Area",2327054,1.69777,6.29066,11.77098,14.07483,16.80438,6.62993,18.57271,3.5633,4.35327,8.5472,5.83291,1.86205,2010
"Miami-Fort Lauderdale-Pompano Beach, FL Metro Area",2395786,1.51792,6.22668,11.24383,13.67701,16.75726,7.23746,18.8329,3.23631,4.92865,8.67185,5.71445,1.95568,2011
"Miami-Fort Lauderdale-Pompano Beach, FL Metro Area",2843985,1.29473,5.29194,9.32206,12.42,15.36091,6.68291,19.46695,3.7055,5.37376,9.98578,8.27104,2.82442,2019
"Miami-Fort Lauderdale-Pompano Beach, FL Metro Area",2456010,1.35854,5.82449,11.05281,13.72902,16.46659,6.18609,19.66739,3.64893,4.81358,9.11833,6.05983,2.07442,2012
"Miami-Fort Lauderdale-Pompano Beach, FL Metro Area",2440654,1.55725,5.5243,10.26458,13.41649,16.73404,7.25773,18.39253,3.74928,4.93737,9.66716,6.36928,2.13,2021
"Miami-Fort Lauderdale-Pompano Beach, FL Metro Area",2578324,1.64646,5.27944,9.69843,13.23329,16.1252,7.17381,18.12678,3.63224,5.02598,10.22245,7.00967,2.82625,2022
"Miami-Fort Lauderdale-West Palm Beach, FL Metro Area",2643227,1.254,5.5077,10.22614,13.58389,15.49924,6.98597,17.53875,3.50466,5.39015,10.08555,8.02564,2.39832,2023
"Miami-Fort Lauderdale-West Palm Beach, FL Metro Area",2814512,1.23684,4.8833,9.06978,12.68607,14.70255,6.6586,20.03893,3.51404,5.51932,10.4357,8.46761,2.78727,2018
"Miami-Fort Lauderdale-West Palm Beach, FL Metro Area",2703405,1.0715,5.20174,10.44091,12.82464,15.83263,6.6872,19.19428,3.33923,4.62931,10.06246,8.03457,2.68154,2016
"Miami-Fort Lauderdale-West Palm Beach, FL Metro Area",2655983,1.222,5.49894,9.84939,13.44271,15.61896,6.5578,19.76387,3.22841,4.54483,10.24453,7.55652,2.47204,2015
"Miami-Fort Lauderdale-West Palm Beach, FL Metro Area",2740841,1.20551,5.35887,9.57943,12.62474,15.26867,7.04379,19.13376,3.67146,5.02007,10.49853,7.97795,2.61723,2017
"Miami-Fort Lauderdale-West Palm Beach, FL Metro Area",2614254,1.36092,5.80556,10.82603,13.6699,16.47388,7.01496,18.70935,3.18393,4.47214,9.5169,6.90136,2.06506,2014
"Miami-Fort Lauderdale-West Palm Beach, FL Metro Area",2509362,1.62376,5.8369,11.05496,13.9714,16.28251,6.75403,19.0709,3.41995,4.82999,9.12033,5.99686,2.03841,2013
"New York-Newark-Jersey City, NY-NJ Metro Area",8317168,1.79322,5.58629,8.47688,10.17202,10.97925,5.77416,14.61065,3.54564,5.86699,12.59492,14.28402,6.31596,2023
"New York-Newark-Jersey City, NY-NJ-PA Metro Area",7057098,2.06909,5.92934,9.14595,11.11066,11.72471,5.64589,15.27437,3.39628,5.4235,12.06428,12.80617,5.40976,2021
"New York-Newark-Jersey City, NY-NJ-PA Metro Area",9082578,1.74253,5.76712,8.94266,10.32672,11.28507,4.85777,14.87143,3.1399,5.81675,12.53488,14.16888,6.54629,2014
"New York-Newark-Jersey City, NY-NJ-PA Metro Area",9186623,1.48373,5.68964,8.99038,10.06214,11.35557,5.05905,14.83071,3.11155,5.76279,12.24705,14.60394,6.80346,2015
"New York-Newark-Jersey City, NY-NJ-PA Metro Area",8888158,1.65194,5.90329,9.16508,10.47592,11.38417,5.09867,14.83787,3.1473,5.67473,12.38367,14.08695,6.19042,2013
"New York-Newark-Jersey City, NY-NJ-PA Metro Area",8022549,2.0177,5.44119,8.82132,10.36198,11.36765,5.60912,14.28409,3.51714,5.84431,12.23049,14.17789,6.32713,2022
"New York-Newark-Jersey City, NY-NJ-PA Metro Area",9258386,1.45388,5.25375,8.2238,9.55926,10.88912,5.30154,14.75945,3.32733,5.87151,12.73954,15.16477,7.45605,2018
"New York-Newark-Jersey City, NY-NJ-PA Metro Area",9192943,1.45417,5.54296,8.70342,9.91862,10.96847,5.09712,14.83648,3.12853,5.92742,12.58619,15.00877,6.82787,2016
"New York-Newark-Jersey City, NY-NJ-PA Metro Area",9382250,1.5269,5.32092,8.78336,9.90496,11.11773,5.0281,14.63938,3.15532,5.73682,12.28683,15.37261,7.12706,2017
"New York-Newark-Jersey City, NY-NJ-PA Metro Area",9033594,1.36297,5.05746,8.00154,9.75097,10.4658,5.32238,14.79638,3.2651,5.96373,13.27053,15.45591,7.28723,2019
"New York-Northern New Jersey-Long Island, NY-NJ-PA Metro Area",8458242,1.69681,5.90033,9.35536,10.25085,11.78595,4.90876,15.27802,2.96228,5.66905,12.12318,13.99,6.07941,2012
"New York-Northern New Jersey-Long Island, NY-NJ-PA Metro Area",8296382,1.82042,6.07444,9.57727,10.34528,11.85246,4.97641,15.48401,2.84946,5.47992,11.515,13.99106,6.03427,2011
"New York-Northern New Jersey-Long Island, NY-NJ-PA Metro Area",8249679,1.73357,6.18017,9.73176,10.46972,11.9743,4.88194,15.15467,2.90684,5.43701,11.93073,13.88483,5.71446,2010
"Philadelphia-Camden-Wilmington, PA-NJ-DE-MD Metro Area",2730097,2.23256,7.6939,11.8365,13.2292,13.7538,6.59522,14.60809,3.68998,4.98154,10.51417,7.8306,3.03443,2014
"Philadelphia-Camden-Wilmington, PA-NJ-DE-MD Metro Area",2629000,2.37794,7.80008,12.27862,13.4795,14.15983,6.23766,14.90917,3.17961,4.83667,10.66493,7.21685,2.85915,2012
"Philadelphia-Camden-Wilmington, PA-NJ-DE-MD Metro Area",2600131,2.29758,8.10144,11.94686,13.76142,14.51008,5.91255,14.4985,3.2976,4.98717,10.2481,7.58816,2.85055,2011
"Philadelphia-Camden-Wilmington, PA-NJ-DE-MD Metro Area",2684735,2.23642,7.6675,11.56144,13.71368,14.26588,6.2595,15.10071,3.45189,4.93293,10.33815,7.72363,2.74828,2013
"Philadelphia-Camden-Wilmington, PA-NJ-DE-MD Metro Area",2287095,2.65323,8.17587,11.47552,14.44592,13.68413,7.25545,15.36661,3.60414,4.87981,10.1712,5.94195,2.34616,2021
"Philadelphia-Camden-Wilmington, PA-NJ-DE-MD Metro Area",2621007,2.22105,7.98094,12.14171,13.80427,13.92236,6.25271,14.72755,3.40652,4.78793,10.40161,7.44889,2.90446,2010
"Philadelphia-Camden-Wilmington, PA-NJ-DE-MD Metro Area",2604278,2.14194,7.7873,10.69003,13.14445,13.3442,7.43673,15.29364,4.04081,5.2848,10.30209,7.75063,2.78338,2023
"Philadelphia-Camden-Wilmington, PA-NJ-DE-MD Metro Area",2544979,2.25558,7.70725,11.39648,14.02283,13.43536,7.37256,14.82782,3.85775,5.23124,10.02472,7.27303,2.59538,2022
"Philadelphia-Camden-Wilmington, PA-NJ-DE-MD Metro Area",2761221,1.93918,7.06803,10.43491,12.7637,13.87216,6.73698,15.24431,3.5991,5.5197,10.98387,8.59732,3.24074,2017
"Philadelphia-Camden-Wilmington, PA-NJ-DE-MD Metro Area",2836136,2.12116,6.97682,10.67146,12.66963,12.57084,7.15805,14.84862,3.75201,5.55086,11.38285,8.78473,3.51298,2019
"Philadelphia-Camden-Wilmington, PA-NJ-DE-MD Metro Area",2808466,1.8132,7.26995,10.56021,12.81465,13.44784,6.62757,15.1524,3.86189,5.18319,11.38728,8.49652,3.3853,2018
"Philadelphia-Camden-Wilmington, PA-NJ-DE-MD Metro Area",2761490,2.22742,7.34278,11.8918,12.39204,13.89753,6.42229,15.08508,3.69876,4.87787,10.77882,8.18214,3.20345,2015
"Philadelphia-Camden-Wilmington, PA-NJ-DE-MD Metro Area",2750522,1.99755,7.38482,11.09117,12.53453,13.9351,6.78729,14.77941,3.60655,5.46696,10.79228,8.49293,3.13141,2016
"Phoenix-Mesa-Chandler, AZ Metro Area",2156635,1.9153,7.65303,10.71544,13.74502,15.44962,8.26181,15.6466,3.7361,4.58747,9.62611,6.50602,2.15748,2019
"Phoenix-Mesa-Chandler, AZ Metro Area",1913284,2.28105,7.92919,11.86536,14.61513,15.95059,8.60876,16.22749,3.46681,4.47895,8.74763,4.3706,1.45843,2022
"Phoenix-Mesa-Chandler, AZ Metro Area",2004889,2.2893,7.66491,11.17518,14.55901,16.0771,8.31058,15.69294,3.8267,4.51042,9.06649,4.96541,1.86195,2023
"Phoenix-Mesa-Chandler, AZ Metro Area",1787166,2.74552,8.29677,12.3044,14.31372,16.84678,8.05174,15.21711,3.61931,4.23766,8.2017,4.49723,1.66806,2021
"Phoenix-Mesa-Scottsdale, AZ Metro Area",2100531,1.87719,7.91524,12.0311,14.70476,16.19529,7.73433,14.67372,3.55177,4.8931,8.82372,5.6887,1.91109,2018
"Phoenix-Mesa-Scottsdale, AZ Metro Area",1788231,2.10185,7.90966,12.60866,14.56971,16.10441,7.63794,16.22352,3.03518,4.68765,8.93045,4.71762,1.47336,2013
"Phoenix-Mesa-Scottsdale, AZ Metro Area",1969362,2.28932,8.11664,11.89258,14.87593,15.98838,7.4024,15.35843,3.35576,4.37142,8.73618,5.80736,1.80561,2016
"Phoenix-Mesa-Scottsdale, AZ Metro Area",2035158,1.85563,7.81861,11.63693,14.43107,15.4959,8.29852,15.99959,3.48499,4.77132,8.89941,5.50837,1.79966,2017
"Phoenix-Mesa-Scottsdale, AZ Metro Area",1920473,1.964,8.04791,12.01464,14.9723,16.04407,7.75929,15.70275,3.26909,4.68004,8.75389,5.12426,1.66777,2015
"Phoenix-Mesa-Scottsdale, AZ Metro Area",1850458,1.96389,8.25482,12.73496,14.98451,16.15649,7.57148,16.14395,3.278,4.69397,8.56988,4.33174,1.31632,2014
"San Francisco-Oakland-Fremont, CA Metro Area",1923369,1.60744,6.69721,12.15908,14.41881,13.62562,5.9153,16.2531,3.23484,4.93613,10.33717,8.52348,2.29181,2010
"San Francisco-Oakland-Fremont, CA Metro Area",1991876,1.51872,6.5484,11.03874,13.48919,13.51083,5.61205,15.6092,3.01123,5.16096,11.15682,10.34065,3.0032,2012
"San Francisco-Oakland-Fremont, CA Metro Area",1920727,1.64224,6.62228,11.58941,14.58791,13.32011,5.65463,16.03664,3.10981,5.20454,10.93471,9.02887,2.26883,2011
"San Francisco-Oakland-Fremont, CA Metro Area",1864429,1.3506,5.47535,10.5885,14.11944,13.34661,6.05869,14.67768,3.4144,5.29261,10.73755,10.96443,3.97414,2023
"San Francisco-Oakland-Hayward, CA Metro Area",2048701,1.35598,5.89061,11.08659,13.19109,13.3261,5.66408,15.84409,3.01738,5.48816,11.34573,10.30663,3.48357,2013
"San Francisco-Oakland-Hayward, CA Metro Area",2161255,1.0412,5.29623,10.14619,12.93045,12.75421,5.27175,15.13278,3.17399,5.38359,11.89286,12.26991,4.70685,2015
"San Francisco-Oakland-Hayward, CA Metro Area",2254095,1.17462,4.7722,9.85105,12.50568,11.72058,5.3791,14.9413,3.35239,5.4688,12.25365,13.01267,5.56796,2018
"San Francisco-Oakland-Hayward, CA Metro Area",2100937,1.34564,6.03783,10.65429,12.63769,13.15837,5.55271,15.25253,3.41129,5.1695,11.49701,11.62596,3.65718,2014
"San Francisco-Oakland-Hayward, CA Metro Area",2180631,1.22033,5.39972,9.78685,12.29392,11.97314,5.40252,15.08967,3.55365,5.50414,12.60644,12.49216,4.67745,2016
"San Francisco-Oakland-Hayward, CA Metro Area",2210949,1.22382,5.50619,9.56435,12.00656,11.88033,5.25331,14.38744,3.51867,5.62446,13.09356,12.83738,5.10392,2017
"Washington-Arlington-Alexandria, DC-VA-MD-WV Metro Area",3123186,1.15219,4.72582,8.11236,10.93672,11.47527,5.99538,15.22778,4.39782,6.09432,14.39392,12.73779,4.75063,2017
"Washington-Arlington-Alexandria, DC-VA-MD-WV Metro Area",2788202,1.63521,5.07069,8.02772,10.76038,12.89476,5.69363,15.99066,3.98497,5.81195,13.31805,12.59213,4.21985,2010
"Washington-Arlington-Alexandria, DC-VA-MD-WV Metro Area",3065253,1.16336,4.8582,8.13058,10.97639,11.98583,5.88229,15.29619,4.11356,5.97481,13.77286,13.25418,4.59176,2016
"Washington-Arlington-Alexandria, DC-VA-MD-WV Metro Area",2915564,1.19281,5.21803,8.15979,10.94882,12.6532,5.55347,16.39312,3.83497,5.83935,13.56842,12.35565,4.28236,2012
"Washington-Arlington-Alexandria, DC-VA-MD-WV Metro Area",2545435,1.72477,5.25741,9.02828,11.94794,12.29974,6.89246,15.80476,4.49609,5.69942,12.76603,10.83893,3.24416,2022
"Washington-Arlington-Alexandria, DC-VA-MD-WV Metro Area",3059053,1.29517,4.83954,8.33307,11.12854,11.96485,5.83305,15.3508,4.14704,6.00797,13.81911,12.91292,4.36795,2015
"Washington-Arlington-Alexandria, DC-VA-MD-WV Metro Area",3144623,1.15403,4.5436,7.80574,10.97496,11.70767,6.27468,15.59993,4.15325,6.2279,14.08108,12.97154,4.50563,2018
"Washington-Arlington-Alexandria, DC-VA-MD-WV Metro Area",2962993,1.32741,4.77831,8.34443,11.46591,12.08585,5.97052,15.93517,4.02019,5.85476,13.67141,12.24154,4.3045,2013
"Washington-Arlington-Alexandria, DC-VA-MD-WV Metro Area",2217836,1.83544,5.80679,9.55337,11.95025,13.33065,7.04466,16.18718,4.42553,5.97307,11.98168,8.99444,2.91694,2021
"Washington-Arlington-Alexandria, DC-VA-MD-WV Metro Area",2993036,1.30516,4.85748,7.8417,11.0866,12.2206,5.85529,15.67669,4.23747,6.13347,13.51013,12.89216,4.38324,2014
"Washington-Arlington-Alexandria, DC-VA-MD-WV Metro Area",3160911,1.1062,4.7741,7.7559,10.57831,11.351,5.98059,15.33491,4.26206,6.19473,14.37902,13.48766,4.79552,2019
"Washington-Arlington-Alexandria, DC-VA-MD-WV Metro Area",2831822,1.39483,5.059,8.0148,11.41244,11.88295,5.47838,15.52492,3.79095,5.92844,14.27385,12.85723,4.3822,2011
"Washington-Arlington-Alexandria, DC-VA-MD-WV Metro Area",2652851,1.45734,5.02086,8.71251,11.88819,12.53632,6.93884,14.89925,4.62665,6.348,13.54158,10.70328,3.32718,2023
