Metro,Total,Year,Short Commutes - Less than half-hour,Medium Commutes - Half-hour to one hour,Long Commutes - More than one hour
Atlanta,2232939,2010,51.70347,36.47753,11.819
Atlanta,2486837,2022,50.34287,37.8022,11.85494
Atlanta,2270521,2021,52.69746,37.59476,9.70777
Atlanta,2715402,2019,48.09004,37.74237,14.16759
Atlanta,2715426,2018,47.66184,38.01562,14.32254
Atlanta,2660218,2017,48.31491,37.15624,14.52885
Atlanta,2598113,2016,48.83367,36.667,14.49933
Atlanta,2533900,2015,50.36106,36.38822,13.25072
Atlanta,2444559,2014,50.95586,36.3234,12.72074
Atlanta,2369931,2013,52.73124,35.81345,11.45531
Atlanta,2297995,2012,52.05203,37.20774,10.74023
Atlanta,2264984,2011,50.68301,37.17289,12.1441
Atlanta,2588713,2023,49.03467,38.11759,12.84774
Baltimore,1262209,2011,52.79514,35.21556,11.9893
Baltimore,1211828,2023,53.75623,35.82992,10.41385
Baltimore,1310551,2013,52.19644,35.36207,12.44148
Baltimore,1258272,2010,54.03371,33.93901,12.02729
Baltimore,1186643,2022,55.66864,34.50692,9.82444
Baltimore,1314474,2015,51.85801,36.13019,12.0118
Baltimore,1336740,2018,50.77696,35.83539,13.38764
Baltimore,1338289,2016,51.92309,35.8037,12.27321
Baltimore,1335323,2019,50.17939,36.50622,13.31438
Baltimore,1316513,2014,52.52048,35.67128,11.80824
Baltimore,1097176,2021,57.88388,33.65176,8.46437
Baltimore,1336611,2017,50.72358,36.17021,13.10621
Baltimore,1286794,2012,53.7194,34.7047,11.5759
Boston,2446040,2018,48.02918,36.85455,15.11627
Boston,1876883,2021,55.72058,34.3356,9.94383
Boston,2380373,2015,49.51871,35.69772,14.78357
Boston,2297628,2013,52.08102,35.55341,12.36558
Boston,2407900,2016,49.91748,36.25379,13.82873
Boston,2166531,2010,54.53755,34.4915,10.97095
Boston,2195778,2023,50.79903,35.42931,13.77166
Boston,2194464,2011,53.40489,34.81821,11.77691
Boston,2261304,2012,52.46079,35.48125,12.05795
Boston,2084693,2022,51.75064,36.33494,11.91442
Boston,2434948,2017,49.24614,36.57869,14.17517
Boston,2312285,2014,51.06845,35.39654,13.53501
Boston,2500383,2019,47.97129,36.46817,15.56054
Charlotte,1136681,2023,58.99879,33.75899,7.24223
Charlotte,804105,2012,63.10407,31.26507,5.63086
Charlotte,1118520,2016,59.43425,34.34619,6.21956
Charlotte,1097942,2015,59.29448,33.63821,7.06731
Charlotte,757128,2010,62.61213,32.11108,5.27678
Charlotte,1064335,2014,60.80764,32.65748,6.53488
Charlotte,1188458,2018,58.17252,34.00718,7.8203
Charlotte,995340,2021,62.77795,31.30649,5.91557
Charlotte,1222404,2019,59.29578,32.51208,8.19214
Charlotte,1030250,2013,62.57151,31.02237,6.40612
Charlotte,1091947,2022,60.8666,32.84573,6.28767
Charlotte,1153392,2017,59.73485,32.97292,7.29223
Charlotte,781578,2011,62.90108,31.88767,5.21125
Chicago,3595239,2021,53.74333,36.14903,10.10765
Chicago,4407706,2016,48.38363,37.5435,14.07288
Chicago,3923570,2022,51.44799,36.82985,11.72216
Chicago,4375761,2015,48.76148,36.81782,14.42069
Chicago,4227545,2012,50.73547,36.41653,12.848
Chicago,4459381,2019,47.41945,38.16664,14.41391
Chicago,4415454,2017,48.2593,37.65769,14.08301
Chicago,4455102,2018,47.80508,37.69898,14.49594
Chicago,4143034,2011,50.09766,36.46856,13.43378
Chicago,3978255,2023,51.26589,36.51407,12.22003
Chicago,4279656,2013,50.33134,36.62867,13.04
Chicago,4096292,2010,50.45107,36.44442,13.10451
Chicago,4333467,2014,48.93149,37.02006,14.04845
Dallas,3540707,2018,55.07863,36.1288,8.79257
Dallas,3112015,2013,57.14092,34.81619,8.04289
Dallas,3487458,2023,55.35172,35.46337,9.18491
Dallas,2863105,2010,58.34201,34.4658,7.19219
Dallas,3199821,2014,56.91343,35.07931,8.00726
Dallas,3449185,2017,54.2155,36.37248,9.41202
Dallas,3279183,2015,55.81311,35.46252,8.72437
Dallas,2918497,2011,58.26544,34.32907,7.40549
Dallas,3036252,2021,57.52777,35.10552,7.36671
Dallas,3002472,2012,57.34805,35.03127,7.62069
Dallas,3335688,2022,56.88811,35.02723,8.08466
Dallas,3555123,2019,54.78798,35.92706,9.28497
Dallas,3356103,2016,54.60074,36.12324,9.27603
Denver,1391598,2016,57.06792,35.7318,7.20028
Denver,1223180,2011,59.50032,33.51878,6.9809
Denver,1429043,2017,55.60211,36.57259,7.82531
Denver,1163472,2021,59.28729,34.34814,6.36457
Denver,1341293,2014,56.75896,35.60736,7.63368
Denver,1472724,2019,53.78143,38.02192,8.19665
Denver,1178595,2010,59.26022,34.56981,6.16997
Denver,1466746,2018,55.30801,37.34368,7.34831
Denver,1365572,2015,56.85508,35.3197,7.82522
Denver,1249014,2012,58.88341,34.37047,6.74612
Denver,1310265,2023,57.78755,35.37277,6.83969
Denver,1277225,2022,58.71448,34.85173,6.43379
Denver,1266595,2013,58.38315,34.51198,7.10488
Detroit,1713101,2022,61.93056,31.9649,6.10454
Detroit,1838763,2014,58.99259,33.56077,7.44664
Detroit,1585164,2021,62.19811,32.41185,5.39004
Detroit,1902261,2017,59.5739,33.34111,7.08499
Detroit,1799262,2013,60.62691,32.8413,6.53179
Detroit,1783524,2023,60.99217,32.32914,6.67869
Detroit,1952256,2019,58.09545,34.23106,7.67348
Detroit,1683119,2010,60.60249,32.8931,6.50441
Detroit,1856289,2015,59.42835,33.78693,6.78472
Detroit,1892466,2016,58.66272,34.13847,7.19881
Detroit,1763105,2012,60.14775,33.35672,6.49553
Detroit,1927519,2018,58.41737,33.92849,7.65414
Detroit,1708447,2011,60.21931,33.14648,6.63421
Houston,2738015,2012,53.7966,36.34319,9.86021
Houston,2625741,2010,55.82923,35.45327,8.7175
Houston,3177856,2023,51.22828,37.60343,11.16828
Houston,3068089,2022,50.51959,39.15737,10.32304
Houston,3013585,2015,50.17811,37.95483,11.86706
Houston,2834241,2013,53.19555,36.091,10.71345
Houston,2786418,2021,52.81871,38.24082,8.94047
Houston,3132202,2018,50.81074,38.11025,11.07901
Houston,2683111,2011,55.70526,35.57795,8.71678
Houston,3048882,2017,51.17496,37.72258,11.10246
Houston,2955305,2014,52.3123,36.6954,10.9923
Houston,3198759,2019,49.15688,39.46234,11.38079
Houston,3017233,2016,50.98565,37.79055,11.22379
Los Angeles,5388495,2023,52.17991,35.77448,12.04561
Los Angeles,5974755,2016,51.34902,35.37188,13.27911
Los Angeles,5818616,2014,53.43965,34.87156,11.68879
Los Angeles,5899773,2015,52.41071,35.11967,12.46962
Los Angeles,5250177,2022,54.02429,34.95315,11.02256
Los Angeles,5663516,2013,54.33999,33.99939,11.66062
Los Angeles,5392512,2010,56.17267,33.38418,10.44315
Los Angeles,5428907,2011,55.10839,33.8705,11.02111
Los Angeles,6077813,2018,49.68628,36.46101,13.85271
Los Angeles,5551323,2012,54.72141,33.97877,11.29983
Los Angeles,4773103,2021,55.05081,34.85225,10.09693
Los Angeles,6066040,2017,50.6235,35.75405,13.62245
Los Angeles,6114413,2019,49.99917,35.55249,14.44834
Miami,2740841,2017,51.081,38.32382,10.59518
Miami,2578324,2022,53.15662,37.00745,9.83592
Miami,2643227,2023,53.05693,36.51911,10.42396
Miami,2395786,2011,56.66015,35.66971,7.67013
Miami,2703405,2016,52.05861,37.22528,10.71612
Miami,2440654,2021,54.75438,36.74634,8.49928
Miami,2655983,2015,52.18979,37.78164,10.02857
Miami,2843985,2019,50.37256,38.53199,11.09545
Miami,2327054,2010,57.26855,35.03649,7.69497
Miami,2456010,2012,54.61753,37.24822,8.13425
Miami,2509362,2013,55.52356,36.44118,8.03527
Miami,2614254,2014,55.15126,35.88232,8.96642
Miami,2814512,2018,49.23713,39.50799,11.25488
Minneapolis,1430832,2021,69.19617,26.72194,4.08189
Minneapolis,1790878,2016,63.43849,31.02618,5.53533
Minneapolis,1836758,2018,62.69879,31.75416,5.54706
Minneapolis,1826361,2017,62.6662,31.5885,5.7453
Minneapolis,1559291,2022,67.63606,27.7167,4.64724
Minneapolis,1836359,2019,61.69845,32.28122,6.02034
Minneapolis,1618919,2023,68.00507,27.64919,4.34574
Minneapolis,1723294,2013,63.60215,30.89978,5.49808
Minneapolis,1585973,2010,64.25015,30.62404,5.12581
Minneapolis,1618675,2011,64.09267,30.71154,5.19579
Minneapolis,1657563,2012,64.7094,29.83669,5.45391
Minneapolis,1757506,2014,62.77549,31.36701,5.8575
Minneapolis,1779099,2015,62.69089,31.77254,5.53657
New York,8022549,2022,43.61895,35.87603,20.50502
New York,8296382,2011,44.64628,35.32839,20.02533
New York,7057098,2021,45.62564,36.15843,18.21593
New York,9033594,2019,39.96112,37.29574,22.74314
New York,8458242,2012,43.89806,36.03253,20.06941
New York,8888158,2013,43.67907,36.04356,20.27736
New York,9258386,2018,40.68135,36.69783,22.62082
New York,9082578,2014,42.92187,36.36296,20.71518
New York,9382250,2017,41.68197,35.81835,22.49968
New York,9186623,2015,42.64051,35.95209,21.4074
New York,8317168,2023,42.78182,36.6182,20.59998
New York,8249679,2010,44.97145,35.42926,19.5993
New York,9192943,2016,41.68475,36.47861,21.83664
Orlando,1087825,2016,53.86767,38.62358,7.50874
Orlando,1119577,2022,55.42567,36.17134,8.403
Orlando,950262,2011,59.48181,34.42608,6.09211
Orlando,1031896,2021,54.70774,37.08135,8.2109
Orlando,1200416,2019,50.10938,40.42774,9.46289
Orlando,966991,2012,58.69951,34.3299,6.97059
Orlando,991095,2013,57.61375,36.10391,6.28234
Orlando,1183801,2018,53.50215,38.71495,7.7829
Orlando,1008179,2014,55.8014,37.34138,6.85721
Orlando,1129969,2017,52.54233,39.67808,7.77959
Orlando,921988,2010,59.78809,34.37691,5.835
Orlando,1071243,2015,54.85039,38.24856,6.90105
Orlando,1167007,2023,52.83764,38.52967,8.63268
Philadelphia,2750522,2016,53.73046,34.64521,11.62434
Philadelphia,2836136,2019,52.16795,35.53433,12.29772
Philadelphia,2600131,2011,56.52992,33.03137,10.4387
Philadelphia,2761490,2015,54.17387,34.44054,11.38559
Philadelphia,2684735,2013,55.70442,33.82367,10.47191
Philadelphia,2604278,2023,54.54464,34.92135,10.53401
Philadelphia,2621007,2010,56.32305,33.3236,10.35335
Philadelphia,2287095,2021,57.69013,34.02176,8.28811
Philadelphia,2808466,2018,52.53341,35.58476,11.88182
Philadelphia,2629000,2012,56.33362,33.59038,10.076
Philadelphia,2761221,2017,52.81497,35.34697,11.83806
Philadelphia,2730097,2014,55.34118,33.79378,10.86504
Philadelphia,2544979,2022,56.19005,33.94154,9.86841
Phoenix,2100531,2018,60.4579,31.9423,7.59979
Phoenix,1788231,2013,60.93223,32.87679,6.19098
Phoenix,1920473,2015,60.80221,32.40577,6.79202
Phoenix,1671473,2010,59.9887,34.03674,5.97455
Phoenix,1771920,2012,60.31864,33.72246,5.9589
Phoenix,2156635,2019,57.74023,33.59627,8.6635
Phoenix,1787166,2021,62.55893,31.27577,6.16529
Phoenix,1712701,2011,60.4085,33.45961,6.13189
Phoenix,1913284,2022,61.25008,32.92088,5.82904
Phoenix,1850458,2014,61.66614,32.6858,5.64806
Phoenix,2035158,2017,59.53666,33.15531,7.30803
Phoenix,2004889,2023,60.07609,33.09655,6.82736
Phoenix,1969362,2016,60.56525,31.82178,7.61297
"Pittsburgh,",1046303,2011,62.212,30.19556,7.59245
"Pittsburgh,",889849,2021,62.9863,30.28873,6.72496
"Pittsburgh,",1078307,2015,60.56689,31.38429,8.04882
"Pittsburgh,",1078091,2014,60.943,31.24569,7.81131
"Pittsburgh,",1085621,2018,59.82972,32.16012,8.01016
"Pittsburgh,",1018500,2023,62.26716,30.93805,6.7948
"Pittsburgh,",1082263,2017,58.8357,32.71857,8.44573
"Pittsburgh,",1076505,2013,61.34454,31.21667,7.43879
"Pittsburgh,",956275,2022,61.36467,31.43782,7.19751
"Pittsburgh,",1077328,2016,59.80676,32.20022,7.99302
"Pittsburgh,",1075791,2019,58.2418,33.17763,8.58057
"Pittsburgh,",1074950,2012,61.16247,30.69966,8.13787
"Pittsburgh,",1041694,2010,62.24025,30.22183,7.53791
Riverside,1752109,2016,53.78324,28.47814,17.73862
Riverside,1881728,2023,52.71516,29.5598,17.72504
Riverside,1883477,2019,52.34744,29.21804,18.43452
Riverside,1694146,2021,53.98986,29.54143,16.46871
Riverside,1581538,2012,56.26738,27.38101,16.35161
Riverside,1542364,2011,56.161,27.54369,16.29531
Riverside,1806328,2017,54.48839,28.43481,17.0768
Riverside,1553153,2010,57.06862,27.14613,15.78524
Riverside,1858427,2022,53.29582,29.697,17.00718
Riverside,1734404,2015,56.05689,27.07789,16.86522
Riverside,1888778,2018,54.28595,27.99906,17.715
Riverside,1617168,2013,55.61426,28.31394,16.0718
Riverside,1669146,2014,55.12148,28.65399,16.22452
San Antonio,1081096,2017,62.07885,31.136,6.78515
San Antonio,1027594,2015,61.61032,31.45104,6.93864
San Antonio,922848,2011,64.35621,29.70803,5.93576
San Antonio,1158502,2019,59.9456,32.14358,7.91082
San Antonio,1090691,2022,60.90148,31.92536,7.17316
San Antonio,990802,2013,65.41721,28.52164,6.06115
San Antonio,1114952,2023,59.44893,32.73935,7.81173
San Antonio,1019269,2014,63.88088,30.10893,6.01019
San Antonio,1101570,2018,60.87294,32.48572,6.64134
San Antonio,1019865,2021,62.39041,31.20237,6.40722
San Antonio,1058898,2016,60.91248,32.35949,6.72803
San Antonio,933859,2010,64.29675,30.33317,5.37008
San Antonio,971730,2012,64.90517,29.21388,5.88095
San Diego,1350683,2022,63.42102,30.62206,5.95691
San Diego,1239125,2021,66.42792,28.34508,5.22699
San Diego,1327049,2011,68.16184,26.23437,5.60379
San Diego,1476292,2015,62.9788,29.87092,7.15028
San Diego,1307266,2010,67.59711,26.77864,5.62426
San Diego,1546445,2019,59.51734,32.50125,7.9814
San Diego,1535345,2017,61.46742,31.40929,7.12328
San Diego,1383027,2013,66.31027,27.96901,5.72071
San Diego,1430884,2014,65.2122,28.40035,6.38745
San Diego,1407306,2023,63.15229,30.54567,6.30204
San Diego,1540361,2018,61.10191,31.52605,7.37204
San Diego,1490686,2016,62.64505,30.22119,7.13376
San Diego,1361160,2012,66.49409,27.88394,5.62197
San Francisco,1864429,2023,50.93919,34.12224,14.93857
San Francisco,2161255,2015,47.44003,35.58321,16.97676
San Francisco,1718516,2022,52.32049,34.84157,12.83794
San Francisco,1923369,2010,54.42346,34.76124,10.81529
San Francisco,2100937,2014,49.38654,35.33033,15.28313
San Francisco,1493862,2021,55.50707,33.50986,10.98308
San Francisco,1920727,2011,53.4166,35.2857,11.2977
San Francisco,1991876,2012,51.71793,34.93822,13.34385
San Francisco,2048701,2013,50.51445,35.69535,13.7902
San Francisco,2264018,2019,44.91585,35.6389,19.44525
San Francisco,2210949,2017,45.43456,36.62414,17.9413
San Francisco,2180631,2016,46.07648,36.7539,17.16962
San Francisco,2254095,2018,45.40323,36.01614,18.58063
Seattle,1416094,2021,56.08752,34.32555,9.58693
Seattle,1773998,2015,52.53715,35.68533,11.77752
Seattle,1824275,2016,51.64183,36.15403,12.20414
Seattle,1921071,2018,49.66979,37.15703,13.17317
Seattle,1586303,2022,55.75454,34.6181,9.62735
Seattle,1709231,2023,55.54352,33.80198,10.6545
Seattle,1683444,2013,55.62525,34.74936,9.62539
Seattle,1608829,2011,57.21273,34.27219,8.51508
Seattle,1664598,2012,55.76578,34.99548,9.23875
Seattle,1736873,2014,52.94469,36.07903,10.97628
Seattle,1963614,2019,49.11724,38.40475,12.47801
Seattle,1571812,2010,58.47366,33.52093,8.00541
Seattle,1872114,2017,50.32268,37.37999,12.29733
"St. Louis,",1165009,2022,64.26319,30.66208,5.07472
"St. Louis,",1307667,2017,61.53455,32.81286,5.65259
"St. Louis,",1310504,2015,62.46932,31.73947,5.79121
"St. Louis,",1274322,2014,62.83341,31.54838,5.6182
"St. Louis,",1325342,2018,61.13886,32.87152,5.98962
"St. Louis,",1256594,2010,63.94659,30.58227,5.47114
"St. Louis,",1260056,2011,64.28024,30.30508,5.41468
"St. Louis,",1263271,2012,63.0533,31.03333,5.91338
"St. Louis,",1228194,2023,64.80703,29.96416,5.22882
"St. Louis,",1323479,2019,61.66709,32.69089,5.64202
"St. Louis,",1109252,2021,65.90081,29.46643,4.63276
"St. Louis,",1275535,2013,62.84688,31.88395,5.26916
"St. Louis,",1304258,2016,62.0503,31.65815,6.29155
Tampa,1266517,2016,59.275,32.28381,8.44118
Tampa,1241779,2022,57.31487,33.35569,9.32944
Tampa,1131800,2010,62.91438,30.5888,6.49682
Tampa,1127587,2011,61.62097,32.16798,6.21105
Tampa,1151281,2012,62.25769,31.18344,6.55887
Tampa,1200123,2013,61.4267,31.43128,7.14202
Tampa,1216314,2014,59.70078,32.57942,7.7198
Tampa,1295172,2023,55.10913,34.61023,10.28064
Tampa,1299297,2017,57.4042,33.74109,8.85471
Tampa,1246197,2015,60.24056,31.3225,8.43695
Tampa,1334616,2018,57.06211,34.17672,8.76117
Tampa,1360550,2019,56.82445,33.74062,9.43493
Tampa,1191597,2021,59.16035,33.53961,7.30004
Washington,3065253,2016,42.99665,39.15742,17.84593
Washington,3059053,2015,43.39421,39.32492,17.28087
Washington,2545435,2022,47.1506,38.7663,14.08309
Washington,2993036,2014,43.16684,39.55776,17.2754
Washington,3144623,2018,42.46067,40.06216,17.47717
Washington,2962993,2013,43.97243,39.48153,16.54604
Washington,2915564,2012,43.72612,39.63586,16.63802
Washington,3160911,2019,41.54609,40.17073,18.28318
Washington,2831822,2011,43.24241,39.51816,17.23943
Washington,2788202,2010,44.08239,39.10563,16.81198
Washington,2217836,2021,49.52115,38.56746,11.91139
Washington,3123186,2017,42.39773,40.11385,17.48842
Washington,2652851,2023,46.55407,39.41548,14.03045
